tree
version=v4
num_class=1
num_tree_per_iteration=1
label_index=0
max_feature_idx=49
objective=regression
feature_names=Column_0 Column_1 Column_2 Column_3 Column_4 Column_5 Column_6 Column_7 Column_8 Column_9 Column_10 Column_11 Column_12 Column_13 Column_14 Column_15 Column_16 Column_17 Column_18 Column_19 Column_20 Column_21 Column_22 Column_23 Column_24 Column_25 Column_26 Column_27 Column_28 Column_29 Column_30 Column_31 Column_32 Column_33 Column_34 Column_35 Column_36 Column_37 Column_38 Column_39 Column_40 Column_41 Column_42 Column_43 Column_44 Column_45 Column_46 Column_47 Column_48 Column_49
feature_infos=[115615.10000000001:119857.46000000001] [0:18970.635590000002] [-0.0012112641365112919:0.017707679430843282] [115615.10000000001:119786.852] [115615.10000000001:119764.01800000001] [0.99886528912807027:1.01406755332982] [0:0.0080210076590250569] [4496.2766593599999:15125.618459383333] [0:2.1676663796401034] [0:99.9999999994848] [115618.3:119857.46000000001] [0:18970.635590000002] [-0.0012112641365112919:0.017707679430843282] [115629.10666666667:119786.852] [115629.10666666667:119764.01800000001] [0.99886528912807027:1.01406755332982] [4.5273239087827768e-05:0.0080210076590250569] [4496.2766593599999:15125.618459383333] [0:2.1676663796401034] [0:99.9999999994848] [115618.3:119857.46000000001] [0:18970.635590000002] [-0.0012112641365112919:0.017707679430843282] [115629.10666666667:119786.852] [115629.10666666667:119764.01800000001] [0.99886528912807027:1.01406755332982] [4.5273239087827768e-05:0.0080210076590250569] [4496.9968381449999:15125.618459383333] [0:2.1676663796401034] [0:94.811210814494231] [115992.92:119857.46000000001] [0:18970.635590000002] [-0.0012112641365112919:0.017707679430843282] [115747.89750000001:119786.852] [115747.89750000001:119764.01800000001] [0.99886528912807027:1.01406755332982] [4.5273239087827768e-05:0.0080210076590250569] [4610.6001059199989:15125.618459383333] [0:2.1676663796401034] [0:94.811210814494231] [115992.92:119857.46000000001] [0:18970.635590000002] [-0.0012112641365112919:0.017707679430843282] [115828.40400000001:119786.852] [115828.40400000001:119764.01800000001] [0.99886528912807027:1.01406755332982] [4.5273239087827768e-05:0.0080210076590250569] [4610.6001059199989:15125.618459383333] [0:2.1676663796401034] [0:94.811210814494231]
tree_sizes=1321 1420 1342 1338 1247 1253 1262 1177 1261 1260 1333

Tree=0
num_leaves=15
num_cat=0
split_feature=0 43 13 30 43 30 43 30 30 45 40 36 1 46
split_gain=7.40997e+08 1.25169e+07 3.93719e+06 2.6384e+06 920062 438133 326055 235501 209396 82261.1 81688.3 48739.4 48448.9 10833.3
threshold=116539.45000000001 119298.40500000001 118706.73700000001 119497.21000000001 116353.49500000001 119654.05000000002 116214.79700000001 119401.09000000001 119202.44000000002 0.99979193208362627 119481.10000000002 0.00036529010882105985 7574.6740559500004 0.0006029383676769809
decision_type=2 2 2 2 2 2 2 2 2 2 2 2 2 2
left_child=4 2 -2 7 6 9 -1 13 -4 -5 -9 -8 -7 -3
right_child=1 3 8 5 -6 12 11 10 -10 -11 -12 -13 -14 -15
leaf_value=118345.08994764076 118599.92967622008 118664.70565278259 118644.99910036323 118683.66703185867 118374.88454897974 118703.15716645446 118356.10652835964 118672.65099783467 118656.53094575134 118691.28270092448 118681.19125546116 118362.50185451786 118697.34558667682 118667.84712696738
leaf_weight=23 20 21 31 23 34 32 22 24 32 37 21 26 26 23
leaf_count=23 20 21 31 23 34 32 22 24 32 37 21 26 26 23
internal_value=118589 118671 118639 118685 118361 118694 118355 118672 118651 118688 118677 118360 118701 118666
internal_weight=395 290 83 207 105 118 71 89 63 60 45 48 58 44
internal_count=395 290 83 207 105 118 71 89 63 60 45 48 58 44
is_linear=0
shrinkage=1


Tree=1
num_leaves=16
num_cat=0
split_feature=0 43 13 30 43 30 43 30 39 30 39 30 36 6 40
split_gain=6.00207e+08 1.01387e+07 3.18912e+06 2.15719e+06 745250 306043 264104 228012 184000 52994.9 49683.5 45146.9 39478.8 34947.9 22192.4
threshold=116539.45000000001 119298.40500000001 118706.73700000001 119552.50500000002 116353.49500000001 119445.67000000001 116214.79700000001 119654.05000000002 43.429137870011573 119399.29500000003 54.454130571342986 119706.15000000001 0.00036529010882105985 0.00073999413066979747 119474.08500000001
decision_type=2 2 2 2 2 2 2 2 2 2 2 2 2 2 2
left_child=4 2 -2 5 6 9 -1 13 -4 -3 -10 -9 -8 -5 -7
right_child=1 3 8 7 -6 14 12 11 10 -11 -12 -13 -14 -15 -16
leaf_value=-219.5004585597826 9.8552744865417488 69.220917968750001 48.311794627796523 88.080046775124288 -192.68532714843752 80.146180943080367 -209.5855391068892 97.42584070276331 56.08115722656251 75.331345991654828 63.04538893926712 103.01910223191786 -203.8297565166767 93.655004086701766 84.743531145368308
leaf_weight=23 20 40 22 22 34 21 22 27 20 22 21 31 26 23 21
leaf_count=23 20 40 22 22 34 21 22 27 20 22 21 31 26 23 21
internal_value=9.10699e-07 74.1733 44.6451 86.0132 -204.86 75.8539 -210.69 96.271 55.6895 71.3891 59.6482 100.415 -206.468 90.9295 82.4449
internal_weight=395 290 83 207 105 104 71 103 63 62 41 58 48 45 42
internal_count=395 290 83 207 105 104 71 103 63 62 41 58 48 45 42
is_linear=0
shrinkage=0.1


Tree=2
num_leaves=15
num_cat=0
split_feature=0 43 13 40 40 30 43 30 30 6 28 41 6 2
split_gain=4.86168e+08 8.22026e+06 2.66125e+06 1.68363e+06 604942 255348 213623 187240 166748 56658.7 49603 47764.5 33599.8 25421.4
threshold=116539.45000000001 119303.28600000001 118706.73700000001 119551.705 116357.88000000002 119445.67000000001 116214.79700000001 119656.86000000002 119202.44000000002 0.0007174939674771207 1.4089690300997331 4830.2774347800014 0.00074570551964762294 -1.0538060472797815e-05
decision_type=2 2 2 2 2 2 2 2 2 2 2 2 2 2
left_child=4 2 -2 5 6 13 -1 9 -4 -5 -7 -8 -9 -3
right_child=1 3 8 7 -6 10 11 12 -10 -11 -12 -13 -14 -15
leaf_value=-197.55042512313182 8.8697470450401319 62.363864494772521 45.168307101341988 78.173816499255963 -173.40510397518383 70.756757202148435 -188.7310528094952 92.618756473425663 55.239655761718751 85.045175388881148 77.637767999822444 -182.40001331676137 87.573525446111503 66.614645640055343
leaf_weight=23 20 34 31 21 34 20 26 33 35 28 22 22 22 24
leaf_count=23 20 34 31 21 34 20 26 33 35 28 22 22 22 24
internal_value=-1.44983e-07 66.756 40.8256 77.6875 -184.374 68.4229 -189.626 86.5957 50.5092 82.1003 74.3611 -185.829 90.6007 64.1228
internal_weight=395 290 86 204 105 100 71 104 66 49 42 48 55 58
internal_count=395 290 86 204 105 100 71 104 66 49 42 48 55 58
is_linear=0
shrinkage=0.1


Tree=3
num_leaves=15
num_cat=0
split_feature=0 43 13 30 43 30 43 39 40 45 30 39 30 49
split_gain=3.93796e+08 6.65889e+06 2.09054e+06 1.44131e+06 501260 224043 170424 136620 133042 54815.1 40735.6 35150.3 35114 29544.2
threshold=116539.45000000001 119298.40500000001 118706.73700000001 119497.21000000001 116353.49500000001 119654.05000000002 116214.79700000001 43.429137870011573 119497.21000000001 0.99979193208362627 119399.29500000003 54.454130571342986 119706.15000000001 52.98323272639805
decision_type=2 2 2 2 2 2 2 2 2 2 2 2 2 2
left_child=4 2 -2 8 6 9 -1 -4 10 -5 -3 -9 -7 -8
right_child=1 3 7 5 -6 12 13 11 -10 -11 -12 -13 -14 -15
leaf_value=-177.7953804347826 7.9827723491191867 55.854899088541664 38.734891787442301 68.80468829611074 -155.95183895335481 78.717840576171881 -169.80718994140625 45.503000640869146 67.248884124755861 75.021405689136415 60.756281026204434 51.360761805943085 83.650616061302927 -164.84532267252607
leaf_weight=23 20 39 22 23 34 27 24 20 20 37 30 21 31 24
leaf_count=23 20 39 22 23 34 27 24 20 20 37 30 21 31 24
internal_value=7.90886e-07 60.0804 36.1501 69.6756 -165.936 76.9225 -170.718 45.0921 60.0675 72.6383 57.9859 48.5033 81.3543 -167.326
internal_weight=395 290 83 207 105 118 71 63 89 60 69 41 58 48
internal_count=395 290 83 207 105 118 71 63 89 60 69 41 58 48
is_linear=0
shrinkage=0.1


Tree=4
num_leaves=14
num_cat=0
split_feature=0 43 13 30 43 30 40 30 30 43 40 30 26
split_gain=3.18975e+08 5.39816e+06 1.74477e+06 1.12782e+06 411291 143348 126808 123786 119624 62349.3 43149.7 27100.9 19859.1
threshold=116539.45000000001 119303.28600000001 118706.73700000001 119552.50500000002 116271.042 119445.67000000001 116397.30000000002 119218.20500000002 119697.06500000002 116214.79700000001 119582.8 119399.29500000003 0.00074392839319986073
decision_type=2 2 2 2 2 2 2 2 2 2 2 2 2
left_child=4 2 -2 5 9 11 -6 -4 10 -1 -5 -3 -7
right_child=1 3 7 8 6 12 -8 -9 -10 -11 -12 -13 -14
leaf_value=-160.0158394191576 7.1844953536987308 50.590942217852621 37.06603492530617 63.999090285528268 -147.77853597005208 57.712842668805813 -138.33661328125001 45.791890532394937 74.845250145164698 -152.7297398885091 69.488747016059037 55.023002069646658 62.06180405389695
leaf_weight=23 20 37 37 21 33 21 25 29 37 24 45 22 21
leaf_count=23 20 37 37 21 33 21 25 29 37 24 45 22 21
internal_value=5.00257e-07 54.0724 33.0593 62.9308 -149.343 55.4222 -143.709 40.9001 70.2937 -156.295 67.742 52.2436 59.8873
internal_weight=395 290 86 204 105 101 58 66 103 47 66 59 42
internal_count=395 290 86 204 105 101 58 66 103 47 66 59 42
is_linear=0
shrinkage=0.1


Tree=5
num_leaves=14
num_cat=0
split_feature=0 30 13 40 33 30 43 30 30 1 7 10 39
split_gain=2.5837e+08 4.38245e+06 1.54425e+06 781698 337485 135600 125544 120700 108704 48751.3 42340.9 33537.9 28772.1
threshold=116539.45000000001 119337.30500000001 118706.73700000001 119538.20500000002 116383.63700000002 119218.20500000002 116214.79700000001 119497.21000000001 119654.05000000002 18179.874210000005 4893.8858335691684 119724.69500000002 58.585489946403364
decision_type=2 2 2 2 2 2 2 2 2 2 2 2 2
left_child=4 2 -2 7 6 -4 -1 12 9 -5 -8 -10 -3
right_child=1 3 5 8 -6 -7 10 -9 11 -11 -12 -13 -14
leaf_value=-144.0142525050951 6.466045618057251 46.703492974175347 33.359430838919977 62.188239156788796 -125.00690046037947 41.810325661683692 -131.6817621140253 56.675406022505335 67.710695447419823 55.770574035644529 -137.42570837772254 62.651573486328132 51.261985778808594
leaf_weight=23 20 45 37 29 28 39 21 22 38 20 33 20 20
leaf_count=23 20 45 37 29 28 39 21 22 38 20 33 20 20
internal_value=7.53765e-07 48.6651 31.1898 57.3127 -134.408 37.6961 -137.827 50.2731 63.0365 59.5688 -135.192 65.9662 48.1061
internal_weight=395 290 96 194 105 76 77 87 107 49 54 58 65
internal_count=395 290 96 194 105 76 77 87 107 49 54 58 65
is_linear=0
shrinkage=0.1


Tree=6
num_leaves=14
num_cat=0
split_feature=0 33 13 30 43 39 30 45 40 12 43 39 46
split_gain=2.09279e+08 3.57744e+06 1.13541e+06 738086 278263 116857 96182.6 95019.7 88637.8 74823.5 38576.1 30274.4 27892.5
threshold=116539.45000000001 119301.46900000003 118706.73700000001 119552.50500000002 116271.042 43.429137870011573 119467.61500000001 0.99960113532506167 116397.30000000002 0.00057351612914091643 116214.79700000001 56.310920198140913 0.00067971268902959701
decision_type=2 2 2 2 2 2 2 2 2 2 2 2 2
left_child=4 2 -2 6 10 -4 12 -5 -6 -9 -1 -7 -3
right_child=1 3 5 7 8 11 -8 9 -10 -11 -12 -13 -14
leaf_value=-129.61283648947011 5.8194411873817451 40.919629778180806 26.858004615420384 51.138393332741479 -119.73605235706675 33.465821202596025 49.68314239501953 61.069375991821289 -111.84206542968751 54.883745598070554 -123.88172607421876 38.664928181966147 44.884119330512156
leaf_weight=23 20 35 21 22 33 24 30 48 25 33 24 21 36
leaf_count=23 20 35 21 22 33 24 30 48 25 33 24 21 36
internal_value=2.13671e-08 43.7986 26.6924 51.01 -120.968 33.0176 44.9357 56.9664 -116.333 58.5493 -126.686 35.8921 42.9298
internal_weight=395 290 86 204 105 66 101 103 58 81 47 45 71
internal_count=395 290 86 204 105 66 101 103 58 81 47 45 71
is_linear=0
shrinkage=0.1


Tree=7
num_leaves=13
num_cat=0
split_feature=0 40 13 40 33 12 17 30 4 49 1 38
split_gain=1.69516e+08 2.90977e+06 829426 692952 232451 118290 95783.7 83721.2 81459.9 41812.7 33389.8 31376
threshold=116539.45000000001 119289.55000000002 118706.73700000001 119538.20500000002 116383.63700000002 -0.00060102319488108946 12812.195390677503 119697.06500000002 116229.66350000001 52.98323272639805 18146.295675000005 1.4251009425229912
decision_type=2 2 2 2 2 2 2 2 2 2 2 2
left_child=4 2 -2 5 8 -3 -4 10 -1 -10 -5 -7
right_child=1 3 6 7 -6 11 -8 -9 9 -11 -12 -13
leaf_value=-115.56520881652833 5.2374969488382348 45.154126502727642 33.89065856933594 50.8154040669286 -101.06827239990236 38.856392361824973 25.535015263276943 54.965883162214951 -112.08206620649858 -105.9841011379076 46.328569991500295 34.252852249145512
leaf_weight=32 20 29 23 43 28 57 34 37 22 23 27 20
leaf_count=32 20 29 23 43 28 57 34 37 22 23 27 20
internal_value=8.30843e-08 39.4188 22.7588 45.4414 -108.871 39.7108 28.9066 51.1184 -111.708 -108.965 49.0848 37.6607
internal_weight=395 290 77 213 105 106 57 107 77 45 70 77
internal_count=395 290 77 213 105 106 57 107 77 45 70 77
is_linear=0
shrinkage=0.1


Tree=8
num_leaves=14
num_cat=0
split_feature=0 30 13 30 33 40 45 27 30 30 46 43 29
split_gain=1.37308e+08 2.37099e+06 810301 419197 188285 82204.2 71764.1 68327.3 54624.8 50326.9 39390.7 28544.9 23889.6
threshold=116539.45000000001 119337.30500000001 118706.73700000001 119552.50500000002 116383.63700000002 119202.44000000002 0.99960113532506167 4895.6169081666676 119700.04500000003 119474.08500000001 0.00063237658260816107 116234.55000000002 59.393341900479598
decision_type=2 2 2 2 2 2 2 2 2 2 2 2 2
left_child=4 2 -2 9 7 -4 -5 -1 -8 12 -7 -9 -3
right_child=1 3 5 6 -6 10 8 11 -10 -11 -12 -13 -14
leaf_value=-96.596645028250563 4.7137472653388981 34.062023856423117 23.263591143290203 41.141955566406253 -90.961446053641183 27.310036804199218 45.694909725549088 -105.69550537109376 51.155258178710938 40.51272413465712 33.184875924246654 -100.78474710398707 38.230263671875001
leaf_weight=28 20 44 30 22 28 25 53 20 28 27 21 29 20
leaf_count=28 20 44 30 22 28 25 53 20 28 27 21 29 20
internal_value=3.05417e-08 35.4769 22.6231 41.8375 -97.9838 27.3361 46.2068 -100.537 47.5824 36.8921 29.992 -102.789 35.3646
internal_weight=395 290 96 194 105 76 103 77 81 91 46 49 64
internal_count=395 290 96 194 105 76 103 77 81 91 46 49 64
is_linear=0
shrinkage=0.1


Tree=9
num_leaves=14
num_cat=0
split_feature=0 30 30 13 40 40 40 18 6 28 30 39 2
split_gain=1.1122e+08 1.93604e+06 512010 480660 161154 96490.7 62828.6 60578.3 49890 49221.9 35843.6 28126.8 19468.2
threshold=116539.45000000001 119258.72000000002 119474.08500000001 118706.73700000001 116397.30000000002 119653.54000000002 116221.00000000001 0.67519481100165935 0.00056906062533102592 1.4102543069522915 119399.29500000003 52.98323272639805 -0.00030113702351608479
decision_type=2 2 2 2 2 2 2 2 2 2 2 2 2
left_child=4 3 10 -2 6 9 -1 -7 -5 -4 12 -8 -3
right_child=1 2 5 8 -6 7 11 -9 -10 -11 -12 -13 -14
leaf_value=-95.072734142485118 4.242372608184815 26.623205642700199 35.803005274330694 18.796363849639892 -81.177267333984389 40.435000813802084 -91.249750488281251 46.902449798583987 25.288547805259967 41.083477980090727 33.139301403148757 -86.83123545927161 30.555129960004024
leaf_weight=21 20 20 41 20 25 30 25 28 29 31 37 34 34
leaf_count=21 20 20 41 20 25 30 25 28 29 31 37 34 34
internal_value=2.10533e-07 31.9292 36.4947 17.3064 -88.1854 40.5218 -90.3754 43.5572 22.6387 38.0765 30.7417 -88.7035 29.0989
internal_weight=395 290 221 69 105 130 80 58 49 72 91 59 54
internal_count=395 290 221 69 105 130 80 58 49 72 91 59 54
is_linear=0
shrinkage=0.1


Tree=10
num_leaves=15
num_cat=0
split_feature=0 23 13 40 20 39 37 7 1 40 40 39 36 40
split_gain=9.00879e+07 1.58443e+06 462252 346512 135591 73477.5 70016.5 59646.6 54877 34154.5 32545.4 31907 23908.6 18285.2
threshold=116539.45000000001 119292.64200000002 118706.73700000001 119538.20500000002 116397.30000000002 43.429137870011573 14593.471149276671 7193.0483941766679 7574.6740559500004 119653.54000000002 119706.15000000001 52.04469941445651 0.00063237658260816107 119399.29500000003
decision_type=2 2 2 2 2 2 2 2 2 2 2 2 2 2
left_child=4 2 -2 6 7 -4 13 11 9 -5 -10 -1 -7 -3
right_child=1 3 5 8 -6 12 -8 -9 10 -11 -12 -13 -14 -15
leaf_value=-81.945959228515633 3.8181352424621582 25.316760649504488 16.260495386123658 37.250303068615146 -72.581630275560471 21.183665248325894 32.954895296963784 -85.015458461216525 33.82679640607136 42.888463661887435 38.526590761931047 -77.071003460061959 25.900932520086116 28.684786262512205
leaf_weight=25 20 27 20 21 23 21 33 28 41 22 23 29 22 40
leaf_count=25 20 27 20 21 23 21 33 28 41 22 23 29 22 40
internal_value=5.55304e-08 28.7363 17.0633 33.4168 -79.3668 21.2681 29.1846 -81.27 37.3721 40.1349 35.5158 -79.3279 23.5972 27.3275
internal_weight=395 290 83 207 105 63 100 82 107 43 64 54 43 67
internal_count=395 290 83 207 105 63 100 82 107 43 64 54 43 67
is_linear=0
shrinkage=0.1


end of trees

feature_importances:
Column_30=35
Column_40=19
Column_43=18
Column_0=11
Column_13=11
Column_39=10
Column_1=4
Column_6=4
Column_33=4
Column_45=4
Column_36=3
Column_46=3
Column_2=2
Column_7=2
Column_12=2
Column_28=2
Column_49=2
Column_4=1
Column_10=1
Column_17=1
Column_18=1
Column_20=1
Column_23=1
Column_26=1
Column_27=1
Column_29=1
Column_37=1
Column_38=1
Column_41=1

parameters:
[boosting: gbdt]
[objective: regression]
[metric: l2]
[tree_learner: serial]
[device_type: cpu]
[data_sample_strategy: bagging]
[data: ]
[valid: ]
[num_iterations: 50]
[learning_rate: 0.1]
[num_leaves: 31]
[num_threads: 24]
[seed: 42]
[deterministic: 0]
[force_col_wise: 0]
[force_row_wise: 0]
[histogram_pool_size: -1]
[max_depth: 5]
[min_data_in_leaf: 20]
[min_sum_hessian_in_leaf: 0.001]
[bagging_fraction: 1]
[pos_bagging_fraction: 1]
[neg_bagging_fraction: 1]
[bagging_freq: 0]
[bagging_seed: 400]
[bagging_by_query: 0]
[feature_fraction: 1]
[feature_fraction_bynode: 1]
[feature_fraction_seed: 30056]
[extra_trees: 0]
[extra_seed: 12879]
[early_stopping_round: 0]
[early_stopping_min_delta: 0]
[first_metric_only: 0]
[max_delta_step: 0]
[lambda_l1: 0]
[lambda_l2: 0]
[linear_lambda: 0]
[min_gain_to_split: 0]
[drop_rate: 0.1]
[max_drop: 50]
[skip_drop: 0.5]
[xgboost_dart_mode: 0]
[uniform_drop: 0]
[drop_seed: 17869]
[top_rate: 0.2]
[other_rate: 0.1]
[min_data_per_group: 100]
[max_cat_threshold: 32]
[cat_l2: 10]
[cat_smooth: 10]
[max_cat_to_onehot: 4]
[top_k: 20]
[monotone_constraints: ]
[monotone_constraints_method: basic]
[monotone_penalty: 0]
[feature_contri: ]
[forcedsplits_filename: ]
[refit_decay_rate: 0.9]
[cegb_tradeoff: 1]
[cegb_penalty_split: 0]
[cegb_penalty_feature_lazy: ]
[cegb_penalty_feature_coupled: ]
[path_smooth: 0]
[interaction_constraints: ]
[verbosity: -1]
[saved_feature_importance_type: 0]
[use_quantized_grad: 0]
[num_grad_quant_bins: 4]
[quant_train_renew_leaf: 0]
[stochastic_rounding: 1]
[linear_tree: 0]
[max_bin: 255]
[max_bin_by_feature: ]
[min_data_in_bin: 3]
[bin_construct_sample_cnt: 200000]
[data_random_seed: 175]
[is_enable_sparse: 1]
[enable_bundle: 1]
[use_missing: 1]
[zero_as_missing: 0]
[feature_pre_filter: 1]
[pre_partition: 0]
[two_round: 0]
[header: 0]
[label_column: ]
[weight_column: ]
[group_column: ]
[ignore_column: ]
[categorical_feature: ]
[forcedbins_filename: ]
[precise_float_parser: 0]
[parser_config_file: ]
[objective_seed: 16083]
[num_class: 1]
[is_unbalance: 0]
[scale_pos_weight: 1]
[sigmoid: 1]
[boost_from_average: 1]
[reg_sqrt: 0]
[alpha: 0.9]
[fair_c: 1]
[poisson_max_delta_step: 0.7]
[tweedie_variance_power: 1.5]
[lambdarank_truncation_level: 30]
[lambdarank_norm: 1]
[label_gain: ]
[lambdarank_position_bias_regularization: 0]
[eval_at: ]
[multi_error_top_k: 1]
[auc_mu_weights: ]
[num_machines: 1]
[local_listen_port: 12400]
[time_out: 120]
[machine_list_filename: ]
[machines: ]
[gpu_platform_id: -1]
[gpu_device_id: -1]
[gpu_use_dp: 0]
[num_gpu: 1]

end of parameters

pandas_categorical:null
