tree
version=v4
num_class=1
num_tree_per_iteration=1
label_index=0
max_feature_idx=49
objective=regression
feature_names=Column_0 Column_1 Column_2 Column_3 Column_4 Column_5 Column_6 Column_7 Column_8 Column_9 Column_10 Column_11 Column_12 Column_13 Column_14 Column_15 Column_16 Column_17 Column_18 Column_19 Column_20 Column_21 Column_22 Column_23 Column_24 Column_25 Column_26 Column_27 Column_28 Column_29 Column_30 Column_31 Column_32 Column_33 Column_34 Column_35 Column_36 Column_37 Column_38 Column_39 Column_40 Column_41 Column_42 Column_43 Column_44 Column_45 Column_46 Column_47 Column_48 Column_49
feature_infos=[205.37:227.56999999999999] [0:3777921.6889999998] [-0.010783575061216855:0.076743854310303838] [205.74799999999999:227.346] [206.12:227.28800000000001] [0.99123287154127826:1.0602485228155929] [0:0.034714383771601277] [34995.988540094011:2769760.7800823334] [0:4.6260238814986083] [0:99.999999666666668] [205.37:227.56999999999999] [0:3777921.6889999998] [-0.010783575061216855:0.076743854310303838] [205.74799999999999:227.346] [206.12:227.28800000000001] [0.99123287154127826:1.0602485228155929] [0:0.034714383771601277] [34995.988540094011:2769760.7800823334] [0:4.6260238814986083] [0:99.999999666666668] [205.37:227.56999999999999] [0:3777921.6889999998] [-0.010783575061216855:0.076743854310303838] [205.74799999999999:227.346] [206.14000000000001:227.28800000000001] [0.99123287154127826:1.0602485228155929] [0.00014554628371821199:0.034714383771601277] [34995.988540094011:2769760.7800823334] [0:4.6260238814986083] [1.6260162597007337:99.999999666666668] [205.37:227.56999999999999] [0:3777921.6889999998] [-0.010783575061216855:0.076743854310303838] [205.74799999999999:227.346] [206.15000000000001:227.28800000000001] [0.99123287154127826:1.0602485228155929] [0.00014554628371821199:0.034714383771601277] [34995.988540094011:2769760.7800823334] [0:4.6260238814986083] [1.6260162597007337:99.999999666666668] [205.37:227.56999999999999] [0:3777921.6889999998] [-0.010783575061216855:0.076743854310303838] [205.74799999999999:227.346] [206.17400000000004:227.28800000000001] [0.99123287154127826:1.0602485228155929] [0.00020578860694894481:0.034714383771601277] [34995.988540094011:2769760.7800823334] [0:4.6260238814986083] [1.6260162597007337:99.999999666666668]
tree_sizes=1138 1270 1270 1278 1190 1367 1283 1277 1366 1280 1284 1202 1301 1213 1301 1294 1219 1315 1132 1233 1240 978 810 891 894 892 910

Tree=0
num_leaves=13
num_cat=0
split_feature=40 40 40 40 4 40 27 43 30 40 14 30
split_gain=21430.5 447.25 94.3458 48.3639 36.2419 17.6457 13.3856 5.95739 4.36499 1.50037 0.875683 0.57205
threshold=214.465 210.29000000000005 208.72500000000002 226.22500000000002 211.4265 225.41500000000002 76644.460575793011 226.69400000000002 225.86500000000004 226.43500000000003 225.72499999999999 226.07500000000002
decision_type=2 2 2 2 2 2 2 2 2 2 2 2
left_child=1 2 -1 5 -3 -2 -4 9 10 -5 -7 -10
right_child=3 4 6 7 -6 8 -8 -9 11 -11 -12 -13
leaf_value=219.77950254633456 221.52185263826877 220.22205256655246 219.94236613900259 221.66190266166558 220.41014565751809 221.61603133394749 220.04744703062141 221.72805534806909 221.62980260905908 221.69181849472051 221.59410787524578 221.64741289600929
leaf_weight=32 20 20 22 30 21 35 27 38 35 38 38 39
leaf_count=32 20 20 22 30 21 35 27 38 35 38 38 39
internal_value=221.151 220.049 219.913 221.644 220.318 221.61 220 221.696 221.622 221.679 221.605 221.639
internal_weight=395 122 81 273 41 167 49 106 147 68 73 74
internal_count=395 122 81 273 41 167 49 106 147 68 73 74
is_linear=0
shrinkage=1


Tree=1
num_leaves=14
num_cat=0
split_feature=40 40 40 40 37 27 30 43 30 40 14 21 46
split_gain=17358.7 362.272 76.5863 39.4268 30.8314 17.7138 13.118 6.30904 2.33647 1.88742 0.923476 0.753644 0.465889
threshold=214.465 210.29000000000005 207.25000000000003 226.13500000000002 84282.44280692203 76644.460575793011 225.41500000000002 226.69400000000002 225.86500000000004 226.43500000000003 225.72499999999999 743258.4606580002 0.0007912071500555261
decision_type=2 2 2 2 2 2 2 2 2 2 2 2 2
left_child=1 2 -1 6 -3 -4 -2 9 10 11 -8 -5 -10
right_child=3 4 5 7 -6 -7 8 -9 12 -11 -12 -13 -14
leaf_value=-1.2786170232863654 0.3335651791095734 -0.66482182003202894 -1.1092826166460592 0.44478632640838622 -0.83830750465393078 -1.0005520261567216 0.42073798757610903 0.51924715293081192 0.42490572547912597 0.48663397588227925 0.39800849388807252 0.47048332350594663 0.4428885389776791
leaf_weight=21 20 21 31 25 20 29 33 38 25 38 39 21 34
leaf_count=21 20 21 31 25 20 29 33 38 25 38 39 21 34
internal_value=-7.42417e-09 -0.991657 -1.11426 0.443158 -0.749449 -1.05673 0.408999 0.485437 0.420516 0.470142 0.408426 0.456518 0.435269
internal_weight=395 122 81 273 41 60 151 122 131 84 72 46 59
internal_count=395 122 81 273 41 60 151 122 131 84 72 46 59
is_linear=0
shrinkage=0.1


Tree=2
num_leaves=14
num_cat=0
split_feature=40 44 40 40 25 40 45 40 30 1 40 14 21
split_gain=14060.5 300.417 92.6519 31.9357 18.7758 11.6316 9.00358 5.28508 1.75829 1.71748 0.9022 0.569088 0.430173
threshold=214.465 211.02600000000004 208.72500000000002 226.13500000000002 1.0001789223227167 225.41500000000002 1.0015742655052986 226.75500000000002 225.86500000000004 728791.21969900012 226.43500000000003 225.72499999999999 3729322.8205000004
decision_type=2 2 2 2 2 2 2 2 2 2 2 2 2
left_child=1 2 -1 5 -4 -2 -6 9 11 -5 -11 -7 -10
right_child=3 -3 4 7 6 8 -8 -9 12 10 -12 -13 -14
leaf_value=-1.1130890846252441 0.29706732273101805 -0.59096040358910196 -0.97952710064974713 0.4437005472183228 -0.90963367982344201 0.3775970758710589 -0.81692810058593757 0.47107407107497706 0.38562708940261453 0.40333730090748188 0.42824501074277443 0.35980932776992391 0.40366558194160462
leaf_weight=32 20 26 22 30 22 35 20 33 39 33 26 37 20
leaf_count=32 20 26 22 30 22 35 20 33 39 33 26 37 20
internal_value=-2.6558e-09 -0.892491 -0.974156 0.398842 -0.904689 0.368099 -0.865488 0.436893 0.378944 0.424219 0.414314 0.368456 0.391742
internal_weight=395 122 96 273 64 151 42 122 131 89 59 72 59
internal_count=395 122 96 273 64 151 42 122 131 89 59 72 59
is_linear=0
shrinkage=0.1


Tree=3
num_leaves=14
num_cat=0
split_feature=47 40 40 37 40 25 30 40 30 40 1 24 40
split_gain=11389.9 238.523 51.7893 30.3459 25.9569 12.4195 10.1979 3.59452 2.16835 1.15953 0.673634 0.6579 0.461597
threshold=265449.7057337361 210.29000000000005 207.25000000000003 88280.051871934018 226.22500000000002 1.0001789223227167 225.41500000000002 226.88500000000002 225.86500000000004 226.43500000000003 728487.59460500011 225.75200000000004 225.90000000000001
decision_type=2 2 2 2 2 2 2 2 2 2 2 2 2
left_child=1 2 -1 -3 6 -4 -2 9 11 -6 -11 -8 -10
right_child=4 3 5 -5 7 -7 8 -9 12 10 -12 -13 -14
leaf_value=-1.0394463766188851 0.2674099123477936 -0.52924847819588405 -0.89730628042510063 -0.69944405555725098 0.37248729944229125 -0.80489308283879213 0.340402268735986 0.43365724520249804 0.34343996264717802 0.41157009959220886 0.38844123307396389 0.32139955316271102 0.36071958908667934
leaf_weight=21 20 22 33 20 30 26 38 22 22 20 34 35 52
leaf_count=21 20 22 33 20 30 26 38 22 22 20 34 35 52
internal_value=-6.03591e-11 -0.803271 -0.904584 -0.610294 0.358971 -0.856582 0.334405 0.397674 0.34352 0.38825 0.397007 0.331291 0.355582
internal_weight=395 122 80 42 273 59 167 106 147 84 54 73 74
internal_count=395 122 80 42 273 59 167 106 147 84 54 73 74
is_linear=0
shrinkage=0.1


Tree=4
num_leaves=13
num_cat=0
split_feature=40 44 40 40 45 40 40 30 17 40 21 45
split_gain=9245.29 207.777 59.5541 20.6151 12.3446 7.9019 2.91156 1.69551 1.01717 0.54563 0.529106 0.434911
threshold=214.465 211.02600000000004 208.72500000000002 226.22500000000002 1.001645804304139 225.41500000000002 226.88500000000002 225.98500000000004 1761512.3447946666 226.43500000000003 3720770.8955000001 0.9994684620669424
decision_type=2 2 2 2 2 2 2 2 2 2 2 2
left_child=1 2 -1 5 -4 -2 8 11 -5 -10 -9 -7
right_child=3 -3 4 6 -6 7 -8 10 9 -11 -12 -13
leaf_value=-0.90301037281751639 0.24254927039146423 -0.47294171131574192 -0.77109254445785136 0.36541392185069899 -0.68107532310485841 0.28819626092910772 0.39029152826829394 0.31480548458714641 0.32904155027298704 0.34932423565122817 0.33458274503548946 0.30486538906892147
leaf_weight=32 20 26 39 27 25 20 22 31 21 36 24 72
leaf_count=32 20 26 39 27 25 20 22 31 21 36 24 72
internal_value=9.05387e-10 -0.723707 -0.791623 0.323415 -0.73593 0.301522 0.357907 0.309546 0.349425 0.341852 0.323436 0.301242
internal_weight=395 122 96 273 64 167 106 147 84 57 55 92
internal_count=395 122 96 273 64 167 106 147 84 57 55 92
is_linear=0
shrinkage=0.1


Tree=5
num_leaves=15
num_cat=0
split_feature=47 44 40 40 25 6 45 33 21 40 40 41 16 17
split_gain=7490.23 158.216 48.8297 16.7725 10.666 6.18538 5.24815 2.99735 1.23845 0.930567 0.88471 0.569848 0.485504 0.252106
threshold=265449.7057337361 211.02600000000004 208.72500000000002 226.13500000000002 1.0001789223227167 0.0011765564832260252 1.0015742655052986 226.78100000000003 3713355.0615000003 226.43500000000003 225.67500000000004 733678.0828160001 0.000953654681934345 2252241.5617756252
decision_type=2 2 2 2 2 2 2 2 2 2 2 2 2 2
left_child=1 2 -1 5 -4 8 -6 9 10 12 -2 -10 -5 -11
right_child=3 -3 4 7 6 -7 -8 -9 11 13 -12 -13 -14 -15
leaf_value=-0.81270933747291574 0.25745527267456059 -0.43779238948115601 -0.71718955039978027 0.30922414263089504 -0.66579375267028817 0.21702558517456058 -0.59421725034713746 0.34496594071388248 0.27916768426480504 0.32765158244541714 0.27810102490817801 0.3016795039176941 0.28865774219686335 0.31249698555987815
leaf_weight=32 35 27 22 24 21 20 20 32 23 21 51 22 22 23
leaf_count=32 35 27 22 24 21 20 20 32 23 21 51 22 22 23
internal_value=2.17293e-09 -0.651404 -0.712115 0.291104 -0.661019 0.268824 -0.630878 0.318679 0.276732 0.309333 0.269699 0.290173 0.299388 0.31973
internal_weight=395 122 95 273 63 151 41 122 131 90 86 45 46 44
internal_count=395 122 95 273 63 151 41 122 131 90 86 45 46 44
is_linear=0
shrinkage=0.1


Tree=6
num_leaves=14
num_cat=0
split_feature=40 44 40 45 30 40 15 30 40 40 47 12 10
split_gain=6076.81 138.674 39.8199 15.9097 13.6716 5.05917 3.84534 2.50542 0.967362 0.842773 0.544916 0.477354 0.31489
threshold=214.465 211.02600000000004 207.25000000000003 1.0002120101350886 226.13500000000002 225.41500000000002 1.0011275110179196 226.88500000000002 226.38500000000002 225.98500000000004 2222874.8313545003 -0.00039863600579331798 226.10500000000005
decision_type=2 2 2 2 2 2 2 2 2 2 2 2 2
left_child=1 2 -1 -4 5 -2 -5 8 -6 11 -10 -7 -11
right_child=4 -3 3 6 7 9 -8 -9 10 12 -12 -13 -14
leaf_value=-0.76392977124168759 0.19524214029312137 -0.38186829915413489 -0.66009752389156462 -0.59616221948103465 0.26781468830610577 0.25295597076416015 -0.53557713389396666 0.31765212145718663 0.30117722692943755 0.26967625731513617 0.28136839343280329 0.23801681258461693 0.25214364647865301
leaf_weight=21 20 26 33 22 38 35 20 22 21 21 41 55 20
leaf_count=21 20 26 33 22 38 35 20 22 21 21 41 55 20
internal_value=1.93149e-09 -0.586733 -0.642217 -0.608138 0.262203 0.242088 -0.567312 0.287099 0.280378 0.24924 0.288078 0.243826 0.261124
internal_weight=395 122 96 75 273 151 42 122 100 131 62 90 41
internal_count=395 122 96 75 273 151 42 122 100 131 62 90 41
is_linear=0
shrinkage=0.1


Tree=7
num_leaves=14
num_cat=0
split_feature=30 44 40 49 40 40 7 40 20 17 12 46 45
split_gain=4930.63 121.011 32.2541 12.9396 9.70813 2.26638 2.29537 1.29046 0.746646 0.674242 0.632058 0.614284 0.223672
threshold=214.465 211.02600000000004 207.25000000000003 66.134330914216491 226.38500000000002 225.67500000000004 2214897.5981287505 226.88500000000002 225.90000000000001 1761512.3447946666 -0.00044267574809198068 0.000953654681934345 1.0003135177331268
decision_type=2 2 2 2 2 2 2 2 2 2 2 2 2
left_child=1 2 -1 -4 5 6 -2 9 11 -6 -10 -7 -11
right_child=4 -3 3 -5 7 8 -8 -9 10 12 -12 -13 -14
leaf_value=-0.68753679593404138 0.18478832145531973 -0.33836240503523085 -0.58831032702797337 -0.50522985522811481 0.27287493660336448 0.21253736284044056 0.22471335927645364 0.28626262057911267 0.24807015856107079 0.24428926550823712 0.23011014655578968 0.2356599581241608 0.25874902486801149
leaf_weight=21 24 27 38 37 21 27 36 22 36 23 43 20 20
leaf_count=21 24 27 38 37 21 27 36 22 36 23 43 20 20
internal_value=2.08239e-09 -0.525393 -0.577996 -0.547324 0.237586 0.22474 0.208743 0.26537 0.232357 0.258188 0.238294 0.222377 0.251015
internal_weight=395 123 96 75 272 186 60 86 126 64 79 47 43
internal_count=395 123 96 75 272 186 60 86 126 64 79 47 43
is_linear=0
shrinkage=0.1


Tree=8
num_leaves=15
num_cat=0
split_feature=47 30 3 27 30 40 15 30 40 21 40 20 16 6
split_gain=4003.43 83.9472 42.7356 25.8081 9.15918 8.97266 4.58787 1.61215 0.67258 0.64685 0.470985 0.457926 0.4403 0.324012
threshold=265449.7057337361 210.29000000000005 212.03100000000003 73865.188108519011 207.25000000000003 226.15500000000003 1.0005981729136084 226.88500000000002 226.43500000000003 3713355.0615000003 225.67500000000004 225.90000000000001 0.000953654681934345 0.0010119939165340287
decision_type=2 2 2 2 2 2 2 2 2 2 2 2 2 2
left_child=1 3 -3 4 -1 6 9 8 12 10 -2 -11 -7 -10
right_child=5 2 -4 -5 -6 7 -8 -9 13 11 -12 -13 -14 -15
leaf_value=-0.63146797657012943 0.18928561040333339 -0.25410128116607666 -0.4608271276950836 -0.46404171586036685 -0.54410292784372971 0.22800697917523594 0.15220847308635713 0.25788563598286024 0.22939195071949678 0.2048058852072685 0.20453975250323617 0.22421415150165558 0.20771942317485809 0.24543262958526613
leaf_weight=20 35 20 20 32 30 23 20 22 34 31 48 20 20 20
leaf_count=20 35 20 20 32 30 23 20 22 34 31 48 20 20 20
internal_value=2.17293e-09 -0.476232 -0.357464 -0.534168 -0.579049 0.212822 0.196885 0.233445 0.227902 0.203554 0.198107 0.212417 0.218571 0.235333
internal_weight=395 122 40 82 50 273 154 119 97 134 83 51 43 54
internal_count=395 122 40 82 50 273 154 119 97 134 83 51 43 54
is_linear=0
shrinkage=0.1


Tree=9
num_leaves=14
num_cat=0
split_feature=30 44 40 45 40 46 6 40 40 17 21 8 45
split_gain=3246.35 89.3082 20.139 9.78318 6.17767 3.43814 1.77916 0.901254 0.897028 0.514209 0.490036 0.199358 0.185825
threshold=214.465 211.02600000000004 207.25000000000003 1.0002120101350886 226.38500000000002 0.0031131516153200373 0.0012560649793363942 226.88500000000002 225.98500000000004 1761512.3447946666 3713355.0615000003 1.6664519152475183 1.0003135177331268
decision_type=2 2 2 2 2 2 2 2 2 2 2 2 2
left_child=1 2 -1 -4 6 -5 8 9 10 -6 -2 -10 -11
right_child=4 -3 3 5 7 -7 -8 -9 11 12 -12 -13 -14
leaf_value=-0.55806291330428359 0.17531399282056895 -0.26564122526733963 -0.4880145426952478 -0.44253493113951248 0.22177019346328009 -0.38524742245674137 0.15583181489597669 0.23240616104819556 0.19931767347247104 0.19654964519583662 0.19005400608567632 0.18723292469978334 0.20972939431667328
leaf_weight=21 67 27 33 22 21 20 22 22 43 23 34 20 20
leaf_count=21 67 27 33 22 21 20 22 22 43 23 34 20 20
internal_value=8.45028e-10 -0.426316 -0.471505 -0.447269 0.192782 -0.415255 0.182535 0.214946 0.186117 0.208944 0.180276 0.195481 0.20268
internal_weight=395 123 96 75 272 42 186 86 164 64 101 63 43
internal_count=395 123 96 75 272 42 186 86 164 64 101 63 43
is_linear=0
shrinkage=0.1


Tree=10
num_leaves=14
num_cat=0
split_feature=47 44 27 4 40 8 1 21 40 40 20 46 6
split_gain=2635.17 56.7342 19.7325 6.50406 6.17843 3.45473 1.17058 1.13396 0.465387 0.371162 0.364459 0.234566 0.204974
threshold=265449.7057337361 210.12950000000001 73865.188108519011 208.78850000000003 226.13500000000002 1.671896060996293 728487.59460500011 3720770.8955000001 226.62000000000003 225.86500000000004 225.58500000000004 0.00084371753850777268 0.00085197510215939372
decision_type=2 2 2 2 2 2 2 2 2 2 2 2 2
left_child=1 2 3 -1 5 9 7 -6 12 10 -2 -11 -8
right_child=4 -3 -4 -5 6 -7 8 -9 -10 11 -12 -13 -14
leaf_value=-0.50058801889419557 0.17019671457154412 -0.2809735940562354 -0.37404308484660254 -0.4269670152664185 0.21924428996585665 0.12043142497539522 0.183213210105896 0.18710389033607816 0.19130584225058556 0.16360742628574373 0.15613768299420674 0.17768463266306911 0.16974757130329426
leaf_weight=30 28 36 36 20 21 20 20 23 32 20 54 29 26
leaf_count=30 28 36 36 20 21 20 20 23 32 20 54 29 26
internal_value=1.3279e-09 -0.386374 -0.430495 -0.47114 0.172665 0.159143 0.189402 0.202444 0.182045 0.165053 0.160938 0.171939 0.175602
internal_weight=395 122 86 50 273 151 122 44 78 131 82 49 46
internal_count=395 122 86 50 273 151 122 44 78 131 82 49 46
is_linear=0
shrinkage=0.1


Tree=11
num_leaves=13
num_cat=0
split_feature=43 44 4 14 30 45 40 46 4 45 12 49
split_gain=2142.53 54.8376 13.4125 15.42 4.37462 2.11033 0.984946 0.331868 0.310234 0.277152 0.305906 0.211873
threshold=214.322 211.02600000000004 209.60050000000004 207.22150000000002 226.13500000000002 0.99922618185295453 226.75500000000002 0.00099547677761130317 225.92900000000006 1.0003135177331268 -0.00066440773562692612 40.211236904065494
decision_type=2 2 2 2 2 2 2 2 2 2 2 2
left_child=1 2 3 -1 5 -2 9 11 -9 10 -6 -7
right_child=4 -3 -4 -5 6 7 -8 8 -10 -11 -12 -13
leaf_value=-0.34602042021958729 0.12006499664536839 -0.21956290052487304 -0.33280604867374197 -0.44925908736693554 0.16890821810121892 0.15406809101502103 0.18452983516635318 0.16583950916926068 0.14884699420495467 0.17323131608963013 0.15490908010585891 0.14280741063031285
leaf_weight=23 29 26 34 39 27 24 33 21 22 25 37 55
leaf_count=23 29 26 34 39 27 24 33 21 22 25 37 55
internal_value=1.0412e-09 -0.34839 -0.383281 -0.410961 0.155691 0.144313 0.169774 0.150076 0.157146 0.164303 0.160815 0.146228
internal_weight=395 122 96 62 273 151 122 122 43 89 64 79
internal_count=395 122 96 62 273 151 122 122 43 89 64 79
is_linear=0
shrinkage=0.1


Tree=12
num_leaves=14
num_cat=0
split_feature=40 7 44 19 48 40 47 13 14 46 46 22 26
split_gain=1743.9 56.3028 69.2724 15.6793 3.25375 3.17264 0.76411 0.552967 0.550428 0.524945 0.335041 0.331383 0.323345
threshold=225.10500000000005 83058.142332615011 210.12950000000001 65.843227048716486 0.89447281635697695 226.43500000000003 1758739.1601521668 226.15900000000002 225.88350000000003 0.000953654681934345 0.0010383300701727941 0.00030919446974519987 0.00085197510215939372
decision_type=2 2 2 2 2 2 2 2 2 2 2 2 2
left_child=1 3 -3 4 -1 7 -7 8 9 -2 -8 -10 -9
right_child=5 2 -4 -5 -6 6 10 12 11 -11 -12 -13 -14
leaf_value=-0.43177395582199102 0.13225494878632682 -0.32677418034652184 -0.088291739849817197 -0.30913388806004682 -0.37716073294480645 0.17706427216529846 0.14830217974526541 0.15251667013874762 0.11897109764463761 0.14883071060838371 0.16427932637078424 0.13494816507611956 0.13704040889386779
leaf_weight=20 56 29 21 31 24 20 35 27 34 29 21 21 27
leaf_count=20 56 29 21 31 24 20 35 27 34 29 21 21 27
internal_value=6.18681e-10 -0.308809 -0.226612 -0.363606 -0.401985 0.142967 0.160286 0.136182 0.132866 0.13791 0.154294 0.125071 0.144779
internal_weight=395 125 50 75 44 270 76 194 140 85 56 55 54
internal_count=395 125 50 75 44 270 76 194 140 85 56 55 54
is_linear=0
shrinkage=0.1


Tree=13
num_leaves=13
num_cat=0
split_feature=40 44 40 45 40 47 13 14 28 40 22 26
split_gain=1412.56 49.4958 11.4844 5.40045 2.56984 0.618929 0.447903 0.453326 0.330753 0.306915 0.278555 0.261909
threshold=225.10500000000005 211.02600000000004 208.72500000000002 1.001645804304139 226.43500000000003 1758739.1601521668 226.15900000000002 225.68750000000003 0.42213412202078343 226.75500000000002 0.00030919446974519987 0.00085197510215939372
decision_type=2 2 2 2 2 2 2 2 2 2 2 2
left_child=1 2 -1 -4 6 -6 7 8 -2 -7 -9 -8
right_child=4 -3 3 -5 5 9 11 10 -10 -11 -12 -13
leaf_value=-0.36142707206308844 0.11900694714142726 -0.16343812572545019 -0.3113135209450355 -0.25177437686920168 0.15935784518718721 0.13221604093428582 0.13726500272750855 0.11052425721516977 0.13495767414569856 0.14710802268981935 0.12196737196710375 0.12333636990299933
leaf_weight=32 26 29 39 25 20 31 27 52 26 25 36 27
leaf_count=32 26 29 39 25 20 31 27 52 26 25 36 27
internal_value=7.54489e-11 -0.277928 -0.312513 -0.288056 0.12867 0.144257 0.122564 0.11958 0.126982 0.138864 0.115206 0.130301
internal_weight=395 125 96 64 270 76 194 140 52 56 88 54
internal_count=395 125 96 64 270 76 194 140 52 56 88 54
is_linear=0
shrinkage=0.1


Tree=14
num_leaves=14
num_cat=0
split_feature=40 17 6 9 20 40 15 44 4 46 6 46 23
split_gain=1144.17 45.1989 50.4377 14.34 5.43782 2.08157 0.57404 0.371026 0.509995 0.330797 0.295205 0.236201 0.142988
threshold=225.10500000000005 88493.222734894007 0.0047328847840923836 27.480863848208362 209.34000000000003 226.43500000000003 0.99978763085769062 226.06800000000004 226.05350000000001 0.0010063606360959849 0.00080488108237789099 0.00088956754732338363 226.31400000000002
decision_type=2 2 2 2 2 2 2 2 2 2 2 2 2
left_child=1 3 -3 -1 -5 7 -7 8 9 -2 -9 -8 -12
right_child=5 2 -4 4 -6 6 11 10 -10 -11 12 -13 -14
leaf_value=-0.3408760534750449 0.10617611343796191 -0.066415741910105172 -0.27820727337490431 -0.28912221893020301 -0.21782578200101854 0.14302441451860512 0.11553115993738175 0.12665089100599289 0.092994609617051638 0.11786330971452925 0.11757925288243727 0.12930347594347866 0.10604303592727299
leaf_weight=37 74 23 22 23 20 23 20 20 21 36 22 33 21
leaf_count=37 74 23 22 23 20 23 20 20 21 36 22 33 21
internal_value=4.82873e-10 -0.250135 -0.169958 -0.295234 -0.255961 0.115803 0.129832 0.110308 0.107275 0.110001 0.116614 0.124106 0.111945
internal_weight=395 125 45 80 43 270 76 194 131 110 63 53 43
internal_count=395 125 45 80 43 270 76 194 131 110 63 53 43
is_linear=0
shrinkage=0.1


Tree=15
num_leaves=14
num_cat=0
split_feature=43 2 45 4 25 30 16 33 21 22 9 34 5
split_gain=929.055 40.5995 13.056 7.91925 5.89582 1.75999 1.12428 0.546566 0.272902 0.254553 0.22758 0.257191 0.218031
threshold=214.322 -0.00064175534192273387 1.002808409770644 209.18800000000005 0.99918835086458535 226.13500000000002 0.0012343958356697633 226.78100000000003 747141.01184200018 -0.00019944767951174389 62.868342758908049 226.33000000000001 0.99953591644777295
decision_type=2 2 2 2 2 2 2 2 2 2 2 2 2
left_child=1 -1 3 -3 -5 6 8 10 12 -10 11 -7 -2
right_child=5 2 -4 4 -6 7 -8 -9 9 -11 -12 -13 -14
leaf_value=-0.10290406459853763 0.10133066789523976 -0.30684746864594914 -0.1833649855107069 -0.28209209669203988 -0.20801473205739801 0.11754667265661832 0.073222141563892368 0.12244763265956532 0.11272387640042739 0.097331611599240989 0.099508382265384387 0.10472750909188216 0.091247094028136314
leaf_weight=21 37 38 20 21 22 29 20 33 22 21 26 34 51
leaf_count=21 37 38 20 21 22 29 20 33 22 21 26 34 51
internal_value=2.15029e-10 -0.229416 -0.25572 -0.273586 -0.244192 0.102523 0.0953058 0.111456 0.0986773 0.105207 0.10738 0.110628 0.0954868
internal_weight=395 122 101 81 43 273 151 122 131 43 89 63 88
internal_count=395 122 101 81 43 273 151 122 131 43 89 63 88
is_linear=0
shrinkage=0.1


Tree=16
num_leaves=13
num_cat=0
split_feature=30 2 49 46 4 40 6 3 28 5 6 40
split_gain=754.371 32.2744 10.2263 6.80596 2.96653 1.25105 0.605872 0.390638 0.314817 0.249111 0.210282 0.190635
threshold=214.465 -0.00064175534192273387 66.134330914216491 0.0030360640877409133 209.18800000000005 226.43500000000003 0.0012560649793363942 226.80700000000004 0.42726825956906228 1.0005132778035468 0.0010496040763521449 225.67500000000004
decision_type=2 2 2 2 2 2 2 2 2 2 2 2
left_child=1 -1 4 -4 -3 6 8 10 11 -10 -7 -2
right_child=5 2 3 -5 -6 7 -8 -9 9 -11 -12 -13
leaf_value=-0.092613656747908835 0.080788101207825452 -0.28851926055821508 -0.2263017226010561 -0.15193882741034032 -0.23944893521921978 0.094896603311811184 0.073493281913840247 0.11589079260826113 0.10069380957026815 0.08797654310862224 0.10775046616792679 0.090092877965224416
leaf_weight=21 31 22 32 20 28 35 23 20 43 24 20 76
leaf_count=21 31 22 32 20 28 35 23 20 43 24 20 76
internal_value=2.60299e-10 -0.205507 -0.228749 -0.197701 -0.26104 0.0929313 0.0887467 0.103923 0.090763 0.0961384 0.0995707 0.0873971
internal_weight=395 123 102 52 50 272 197 75 174 67 55 107
internal_count=395 123 102 52 50 272 197 75 174 67 55 107
is_linear=0
shrinkage=0.1


Tree=17
num_leaves=14
num_cat=0
split_feature=40 12 19 9 15 40 47 13 14 14 5 20 42
split_gain=613.468 33.7185 9.39192 7.64828 6.56614 1.24401 0.566984 0.252925 0.324345 0.259849 0.229653 0.217958 0.216902
threshold=225.10500000000005 -0.00057520898634327844 45.823070582943949 90.400223351147318 1.0012814853953469 226.43500000000003 1758739.1601521668 226.15900000000002 225.68750000000003 225.58400000000003 1.0000221225391988 226.28500000000003 0.00057350834950220541
decision_type=2 2 2 2 2 2 2 2 2 2 2 2 2
left_child=1 -1 -3 4 -4 7 -7 8 9 -2 -10 -9 -8
right_child=5 2 3 -5 -6 6 12 11 10 -11 -12 -13 -14
leaf_value=-0.076612092743744142 0.077763434030391557 -0.24773907830056394 -0.20027601480484011 -0.2323574797673659 -0.12021474930502118 0.11009294062852859 0.083291841670870781 0.091832727001559353 0.078185629794153125 0.091911941051483162 0.067317565453463596 0.078984632699385937 0.095867905952036384
leaf_weight=24 27 38 20 22 21 20 24 31 59 25 29 23 32
leaf_count=24 27 38 20 22 21 20 24 31 59 25 29 23 32
internal_value=2.67667e-10 -0.183157 -0.208475 -0.184792 -0.159269 0.0847951 0.0956399 0.0805466 0.0783041 0.0845656 0.0746041 0.0863604 0.0904782
internal_weight=395 125 101 63 41 270 76 194 140 52 88 54 56
internal_count=395 125 101 63 41 270 76 194 140 52 88 54 56
is_linear=0
shrinkage=0.1


Tree=18
num_leaves=12
num_cat=0
split_feature=43 32 49 19 40 15 23 40 20 17 6
split_gain=497.95 26.98 13.6593 3.65417 0.924936 0.6103 0.391264 0.345652 0.25499 0.164725 0.120612
threshold=214.322 0.00048685595581976498 66.134330914216491 43.184137978342555 226.13500000000002 1.0005089822599647 225.54700000000005 226.88500000000002 225.90000000000001 1761512.3447946666 0.0007812983683808029
decision_type=2 2 2 2 2 2 2 2 2 2 2
left_child=1 2 3 -1 5 6 -2 9 -8 -6 -11
right_child=4 -3 -4 -5 7 -7 8 -9 -10 10 -12
leaf_value=-0.2463291609988493 0.084801333058964132 -0.08374223300609096 -0.14810993478290344 -0.19327413751965478 0.085247874458630885 0.055582248568534859 0.065783386109238964 0.092919081991369085 0.07571572181971177 0.082916132062673564 0.073700888120398239
leaf_weight=34 22 29 38 21 30 25 59 22 46 20 49
leaf_count=34 22 29 38 21 30 25 59 22 46 20 49
internal_value=2.06541e-10 -0.167956 -0.194216 -0.226072 0.0750573 0.069864 0.0726754 0.0815812 0.0701347 0.0790616 0.076372
internal_weight=395 122 93 55 273 152 127 121 105 99 69
internal_count=395 122 93 55 273 152 127 121 105 99 69
is_linear=0
shrinkage=0.1


Tree=19
num_leaves=13
num_cat=0
split_feature=47 7 37 19 45 40 25 47 23 40 6 22
split_gain=404.956 24.2471 32.3775 9.15611 2.61288 1.18941 1.24736 0.808134 0.427154 0.235131 0.227419 0.129141
threshold=265449.7057337361 83058.142332615011 92455.631479008021 65.843227048716486 0.99915162683451264 225.86500000000004 1.0004222731285959 1730693.1509785003 225.55700000000002 226.75500000000002 0.00080488108237789099 -0.0005319906440106047
decision_type=2 2 2 2 2 2 2 2 2 2 2 2
left_child=1 3 -3 4 -1 6 8 -7 -2 10 -9 -10
right_child=5 2 -4 -5 -6 7 -8 9 11 -11 -12 -13
leaf_value=-0.23832768872380258 0.077083787322044378 -0.0027941465023018069 -0.16973959011957052 -0.14512783611013044 -0.18938752114772797 0.089577008535464617 0.036462072134017941 0.073674686475003012 0.065326122105121606 0.078724926829338071 0.064949947304841951 0.055594558765490854
leaf_weight=24 20 21 26 31 20 24 20 47 25 25 82 30
leaf_count=24 20 21 26 31 20 24 20 47 25 25 82 30
internal_value=8.15791e-11 -0.151463 -0.0951469 -0.186754 -0.216082 0.0676868 0.0586517 0.0725089 0.0645689 0.0698489 0.0681287 0.060018
internal_weight=395 122 47 75 44 273 95 178 75 154 129 55
internal_count=395 122 47 75 44 273 95 178 75 154 129 55
is_linear=0
shrinkage=0.1


Tree=20
num_leaves=13
num_cat=0
split_feature=40 12 30 49 36 40 5 46 35 33 4 36
split_gain=329.156 26.1035 6.28166 4.99479 4.14869 0.742057 0.538164 0.239828 0.172528 0.216995 0.338925 0.203452
threshold=225.10500000000005 -0.00057520898634327844 207.25000000000003 63.082060443133273 0.0031131516153200373 226.43500000000003 0.99976495867038107 0.0010119939165340287 1.0008215915242131 226.04700000000003 226.05350000000001 0.0007912071500555261
decision_type=2 2 2 2 2 2 2 2 2 2 2 2
left_child=1 -1 -3 -4 -5 8 -7 -8 9 10 -2 -11
right_child=5 2 3 4 -6 6 7 -9 -10 11 -12 -13
leaf_value=-0.040416709550966823 0.057683725600562445 -0.20662649765610697 -0.1718090805742476 -0.14899293243885042 -0.087887932062149052 0.082157298922538757 0.058764965385198598 0.072902037650346752 0.067390096755254841 0.06952776884039244 0.04316495604813099 0.058211435155665625
leaf_weight=24 82 20 36 25 20 26 30 20 21 24 20 47
leaf_count=24 82 20 36 25 20 26 30 20 21 24 20 47
internal_value=5.26256e-10 -0.134162 -0.156438 -0.144046 -0.121835 0.062112 0.0704879 0.0644198 0.0588307 0.0577917 0.0548369 0.0620367
internal_weight=395 125 101 81 45 270 76 50 194 173 102 71
internal_count=395 125 101 81 45 270 76 50 194 173 102 71
is_linear=0
shrinkage=0.1


Tree=21
num_leaves=10
num_cat=0
split_feature=47 2 19 4 7 29 19 40 20
split_gain=267.045 20.0798 4.26868 5.22475 3.63192 1.70767 0.557706 0.489744 0.164655
threshold=228260.300140092 -0.00064175534192273387 51.630627402646034 209.60050000000004 65802.528843974025 75.96656908708546 24.809115799527302 226.84500000000003 225.90000000000001
decision_type=2 2 2 2 2 2 2 2 2
left_child=1 -1 4 -4 -3 6 -2 8 -8
right_child=5 2 3 -5 -6 -7 7 -9 -10
leaf_value=-0.033828272670507434 0.072332863658666618 -0.19448113013868748 -0.15005796069608016 -0.087515370412306351 -0.13621401250362397 0.027262722971764481 0.050184819864278488 0.069504886865615845 0.055831333994865423
leaf_weight=20 20 23 34 22 20 22 88 21 125
leaf_count=20 20 23 34 22 20 22 88 21 125
internal_value=4.82873e-10 -0.12522 -0.143683 -0.125488 -0.16738 0.0539899 0.0563049 0.054935 0.0534985
internal_weight=395 119 99 56 43 276 254 234 213
internal_count=395 119 99 56 43 276 254 234 213
is_linear=0
shrinkage=0.1


Tree=22
num_leaves=8
num_cat=0
split_feature=44 17 19 4 14 13 40
split_gain=219.826 65.686 23.8699 4.31055 9.18048 1.47387 0.438245
threshold=211.02600000000004 90796.343513721033 24.809115799527302 209.60050000000004 207.22150000000002 225.45100000000005 226.88500000000002
decision_type=2 2 2 2 2 2 2
left_child=3 -2 -3 4 -1 -4 -7
right_child=1 2 5 -5 -6 6 -8
leaf_value=-0.097240058948164398 -0.11638702620208885 0.15858014949730465 0.02227244888033186 -0.10304141723934342 -0.17689858216505785 0.048603927312602463 0.064086097851395615
leaf_weight=23 24 21 21 34 39 213 20
leaf_count=23 24 21 21 34 39 213 20
internal_value=4.18506e-10 0.0422708 0.0561173 -0.131656 -0.147348 0.047646 0.0499329
internal_weight=395 299 275 96 62 254 233
internal_count=395 299 275 96 62 254 233
is_linear=0
shrinkage=0.1


Tree=23
num_leaves=9
num_cat=0
split_feature=44 17 25 9 37 44 13 29
split_gain=178.059 53.2057 21.9599 3.85297 5.25981 3.4745 1.44765 0.397632
threshold=211.02600000000004 90796.343513721033 0.99872711260473046 90.400223351147318 81005.843995746021 208.64700000000002 225.43300000000002 57.318534145212197
decision_type=2 2 2 2 2 2 2 2
left_child=3 -2 -3 4 5 -1 -4 -8
right_child=1 2 6 -5 -6 -7 7 -9
leaf_value=-0.15867531903088095 -0.10474832511196536 0.15140863716602326 0.016764270588755608 -0.15523269751892343 -0.070242229044437415 -0.10449639504839635 0.041548959404743957 0.050010884097880792
leaf_weight=20 24 20 20 22 25 29 145 90
leaf_count=20 24 20 20 22 25 29 145 90
internal_value=3.19892e-10 0.0380437 0.0505056 -0.11849 -0.107567 -0.12661 0.0425916 0.0447897
internal_weight=395 299 275 96 74 49 255 235
internal_count=395 299 275 96 74 49 255 235
is_linear=0
shrinkage=0.1


Tree=24
num_leaves=9
num_cat=0
split_feature=44 17 9 9 27 44 40 29
split_gain=144.228 43.0966 20.2588 3.1209 4.38271 4.03194 1.38326 0.395934
threshold=211.02600000000004 90796.343513721033 24.647998718900805 90.400223351147318 73865.188108519011 208.64700000000002 225.45000000000002 57.318534145212197
decision_type=2 2 2 2 2 2 2 2
left_child=3 -2 -3 4 5 -1 -4 -8
right_child=1 2 6 -5 -6 -7 7 -9
leaf_value=-0.15006590723991395 -0.094273491653924194 0.13984974457527555 0.013069495441214669 -0.13970942842689427 -0.067337507549673312 -0.089271603780798625 0.036445987800581628 0.044834554944383473
leaf_weight=20 24 21 21 22 30 24 138 95
leaf_count=20 24 21 21 22 30 24 138 95
internal_value=-2.67608e-11 0.0342394 0.045455 -0.106641 -0.0968103 -0.116905 0.0376507 0.0398662
internal_weight=395 299 275 96 74 44 254 233
internal_count=395 299 275 96 74 44 254 233
is_linear=0
shrinkage=0.1


Tree=25
num_leaves=9
num_cat=0
split_feature=44 17 12 14 14 15 23 39
split_gain=116.824 34.9082 18.5174 3.28624 7.3309 1.42886 1.33094 0.358497
threshold=211.02600000000004 90796.343513721033 -0.0011895499611256908 207.22150000000002 208.80550000000002 1.0004846899173032 225.441 57.318534145212197
decision_type=2 2 2 2 2 2 2 2
left_child=3 -2 -3 -1 -5 -6 -4 -8
right_child=1 2 6 4 5 -7 7 -9
leaf_value=-0.06301534771919251 -0.084846143253768491 0.13115613644144364 0.0086879459337797019 -0.15164280210932096 -0.099598693350950881 -0.065266698988323865 0.032497934296943955 0.040560466268759095
leaf_weight=23 24 21 20 24 27 22 145 89
leaf_count=23 24 21 20 24 27 22 145 89
internal_value=-7.48153e-11 0.0308154 0.0409095 -0.0959772 -0.106362 -0.0841843 0.0334482 0.0355645
internal_weight=395 299 275 96 73 49 254 234
internal_count=395 299 275 96 73 49 254 234
is_linear=0
shrinkage=0.1


Tree=26
num_leaves=9
num_cat=0
split_feature=44 17 5 42 2 32 37 29
split_gain=94.6277 28.2757 17.8042 3.01023 2.35924 2.15682 0.970672 0.348394
threshold=211.02600000000004 90796.343513721033 0.99872711260473046 -0.00038196208861462905 0.00040918637230558114 0.00027454654727909761 1725771.495091167 60.574782389165811
decision_type=2 2 2 2 2 2 2 2
left_child=3 -2 -3 -1 5 -5 -4 -8
right_child=1 2 6 4 -6 -7 7 -9
leaf_value=-0.11792674797546605 -0.076361528908212989 0.12767371678724887 0.0085439156601205459 -0.10447747543934854 -0.04717503028921783 -0.06353697864846751 0.028752562884563727 0.036903232543528834
leaf_weight=23 24 20 20 31 20 22 156 79
leaf_count=23 24 20 20 31 20 22 156 79
internal_value=1.46772e-10 0.0277339 0.0368186 -0.0863795 -0.0764399 -0.0874833 0.0296927 0.0314926
internal_weight=395 299 275 96 73 53 255 235
internal_count=395 299 275 96 73 53 255 235
is_linear=0
shrinkage=0.1


end of trees

feature_importances:
Column_40=74
Column_30=19
Column_44=18
Column_45=13
Column_14=11
Column_17=11
Column_46=11
Column_47=11
Column_4=10
Column_6=10
Column_21=8
Column_19=7
Column_20=7
Column_9=6
Column_12=6
Column_15=6
Column_25=6
Column_5=5
Column_13=5
Column_27=5
Column_37=5
Column_43=5
Column_49=5
Column_2=4
Column_7=4
Column_22=4
Column_23=4
Column_29=4
Column_1=3
Column_16=3
Column_33=3
Column_3=2
Column_8=2
Column_26=2
Column_28=2
Column_32=2
Column_36=2
Column_42=2
Column_10=1
Column_24=1
Column_34=1
Column_35=1
Column_39=1
Column_41=1
Column_48=1

parameters:
[boosting: gbdt]
[objective: regression]
[metric: l2]
[tree_learner: serial]
[device_type: cpu]
[data_sample_strategy: bagging]
[data: ]
[valid: ]
[num_iterations: 50]
[learning_rate: 0.1]
[num_leaves: 31]
[num_threads: 24]
[seed: 42]
[deterministic: 0]
[force_col_wise: 0]
[force_row_wise: 0]
[histogram_pool_size: -1]
[max_depth: 5]
[min_data_in_leaf: 20]
[min_sum_hessian_in_leaf: 0.001]
[bagging_fraction: 1]
[pos_bagging_fraction: 1]
[neg_bagging_fraction: 1]
[bagging_freq: 0]
[bagging_seed: 400]
[bagging_by_query: 0]
[feature_fraction: 1]
[feature_fraction_bynode: 1]
[feature_fraction_seed: 30056]
[extra_trees: 0]
[extra_seed: 12879]
[early_stopping_round: 0]
[early_stopping_min_delta: 0]
[first_metric_only: 0]
[max_delta_step: 0]
[lambda_l1: 0]
[lambda_l2: 0]
[linear_lambda: 0]
[min_gain_to_split: 0]
[drop_rate: 0.1]
[max_drop: 50]
[skip_drop: 0.5]
[xgboost_dart_mode: 0]
[uniform_drop: 0]
[drop_seed: 17869]
[top_rate: 0.2]
[other_rate: 0.1]
[min_data_per_group: 100]
[max_cat_threshold: 32]
[cat_l2: 10]
[cat_smooth: 10]
[max_cat_to_onehot: 4]
[top_k: 20]
[monotone_constraints: ]
[monotone_constraints_method: basic]
[monotone_penalty: 0]
[feature_contri: ]
[forcedsplits_filename: ]
[refit_decay_rate: 0.9]
[cegb_tradeoff: 1]
[cegb_penalty_split: 0]
[cegb_penalty_feature_lazy: ]
[cegb_penalty_feature_coupled: ]
[path_smooth: 0]
[interaction_constraints: ]
[verbosity: -1]
[saved_feature_importance_type: 0]
[use_quantized_grad: 0]
[num_grad_quant_bins: 4]
[quant_train_renew_leaf: 0]
[stochastic_rounding: 1]
[linear_tree: 0]
[max_bin: 255]
[max_bin_by_feature: ]
[min_data_in_bin: 3]
[bin_construct_sample_cnt: 200000]
[data_random_seed: 175]
[is_enable_sparse: 1]
[enable_bundle: 1]
[use_missing: 1]
[zero_as_missing: 0]
[feature_pre_filter: 1]
[pre_partition: 0]
[two_round: 0]
[header: 0]
[label_column: ]
[weight_column: ]
[group_column: ]
[ignore_column: ]
[categorical_feature: ]
[forcedbins_filename: ]
[precise_float_parser: 0]
[parser_config_file: ]
[objective_seed: 16083]
[num_class: 1]
[is_unbalance: 0]
[scale_pos_weight: 1]
[sigmoid: 1]
[boost_from_average: 1]
[reg_sqrt: 0]
[alpha: 0.9]
[fair_c: 1]
[poisson_max_delta_step: 0.7]
[tweedie_variance_power: 1.5]
[lambdarank_truncation_level: 30]
[lambdarank_norm: 1]
[label_gain: ]
[lambdarank_position_bias_regularization: 0]
[eval_at: ]
[multi_error_top_k: 1]
[auc_mu_weights: ]
[num_machines: 1]
[local_listen_port: 12400]
[time_out: 120]
[machine_list_filename: ]
[machines: ]
[gpu_platform_id: -1]
[gpu_device_id: -1]
[gpu_use_dp: 0]
[num_gpu: 1]

end of parameters

pandas_categorical:null
